Star 2.0 red 1.98892e+30 1735811109.2765334 2191782160.847823 4.932128866925738 26.671235138907534

Planet 2.0 orange 3.302e+23 -39892225413.92714 55380802898.547935 -27061.206315464795 -30947.700878283325

Planet 5.0 blue 4.869e+24 100564902100.90782 57992631912.41404 -13372.096740030605 30714.723877744666

Planet 5.0 green 5.974e+24 -118982980104.87607 -74521664249.45184 17628.995958563988 -25532.64821000176

Planet 3.0 red 6.419e+23 228306136063.68048 -15550431410.671734 2793.282703613012 24075.137965472233

Planet 20.0 yellow 1.899e+27 -757869087431.5217 148623038866.55594 -2407.1011050864313 -12865.652808237304

Planet 15.0 white 5.685e+26 536100171539.1149 1329227951230.6165 -8922.541262990935 3630.3166166111896

